0.833984375
0.7001953125
0.634765625
0.6103515625
0.611328125
0.591796875
0.513671875
0.431640625
0.4052734375
0.4169921875
0.5029296875
0.4912109375
0.4404296875
0.361328125
0.2939453125
0.2998046875
0.3427734375
0.3779296875
0.451171875
0.46484375
0.4873046875
0.529296875
0.5126953125
0.55078125
0.484375
0.404296875
0.4208984375
0.4765625
0.4248046875
0.3427734375
0.341796875
0.3359375
0.3994140625
0.4306640625
0.3759765625
0.3974609375
0.291015625
0.3876953125
0.3447265625
0.361328125
0.404296875
0.416015625
0.3798828125
0.431640625
0.423828125
0.498046875
0.4775390625
0.3876953125
0.353515625
0.416015625
0.4287109375
0.4033203125
0.384765625
0.4609375
0.431640625
0.37109375
0.43359375
0.396484375
0.4599609375
0.4580078125
0.44140625
