0.162
0.185
0.178
0.186
0.164
0.164
0.165
0.162
0.165
0.166
0.171
0.164
0.165
0.164
0.166
0.164
0.164
0.165
0.164
0.162
0.166
0.162
0.164
0.167
0.163
0.156
0.168
0.164
0.165
0.162
0.166
1.82
3.11
3.41
3.7
4
4.3
3.37
3.77
4.08
4.28
4.35
3.31
3.59
3.87
4.19
3.26
3.69
4.02
4.21
4.33
3.42
3.79
4.06
4.25
3.06
3.38
3.67
4.03
4.27
0.162
0.185
0.178
0.186
0.164
0.164
0.165
0.162
0.165
0.166
0.171
0.164
0.165
0.164
0.166
0.164
0.164
0.165
0.164
0.162
0.166
0.162
0.164
0.167
0.163
0.156
0.168
0.164
0.165
0.162
0.165
0.162
