0.1650390625
0.25
0.283203125
0.31640625
0.30078125
0.3388671875
0.427734375
0.5107421875
0.505859375
0.4736328125
0.41796875
0.4267578125
0.5146484375
0.576171875
0.6318359375
0.6025390625
0.5615234375
0.5283203125
0.44921875
0.4482421875
0.4052734375
0.3955078125
0.400390625
0.3779296875
0.4609375
0.5078125
0.4931640625
0.4375
0.5146484375
0.5830078125
0.5634765625
0.5830078125
0.49609375
0.5087890625
0.52734375
0.5615234375
0.5947265625
0.525390625
0.595703125
0.52734375
0.5048828125
0.5185546875
0.5107421875
0.5078125
0.4736328125
0.39453125
0.466796875
0.5576171875
0.541015625
0.4970703125
0.486328125
0.5283203125
0.5234375
0.439453125
0.501953125
0.54296875
0.5029296875
0.48828125
0.45703125
0.576171875
0.48046875
