215
0.153
0.212
0.207
0.195
0.204
0.210
0.193
0.211
0.195
0.202
0.187
0.196
0.189
0.188
0.199
0.197
0.202
0.196
0.196
0.202
0.188
0.175
0.172
0.189
0.197
0.204
0.209
0.190
0.171
0.171
1.98
3.15
3.44
3.75
4.05
4.30
3.46
3.84
4.13
4.30
3.02
3.58
3.90
4.15
4.37
3.19
3.64
3.97
4.24
4.32
3.26
3.56
3.87
4.20
3.19
3.61
3.95
4.16
4.29
3.32
0.178
0.191
0.171
0.209
0.193
0.197
0.187
0.198
0.191
0.190
0.201
0.177
0.191
0.192
0.205
0.182
0.191
0.183
0.190
0.188
0.201
0.214
0.195
0.195
0.187
0.189
0.192
0.200
0.190
0.205
