0.16
0.163
0.157
0.158
0.155
0.159
0.155
0.152
0.18
0.162
0.157
0.155
0.156
0.156
0.156
0.156
0.157
0.164
0.155
0.16
0.157
0.156
0.156
0.156
0.163
0.158
0.149
0.158
0.156
0.156
0.157
0.155
0.155
0.158
0.156
0.158
0.156
0.16
0.168
0.157
0.163
0.155
0.157
0.158
0.154
0.156
0.156
0.157
0.155
0.156
0.156
0.155
0.156
0.158
0.157
0.162
0.155
0.157
0.155
0.158
0.156
0.157
0.155
0.155
0.158
0.156
0.158
0.156
0.16
0.168
0.157
0.163
0.155
0.157
0.158
0.154
0.156
0.156
0.157
0.155
0.156
0.156
0.155
0.156
0.158
0.157
0.162
0.155
0.157
0.155
