0.9296875
0.919921875
0.9208984375
0.91796875
0.921875
0.916015625
0.9208984375
0.921875
0.916015625
0.9208984375
0.919921875
0.9189453125
0.9208984375
0.916015625
0.9208984375
0.9228515625
0.9189453125
0.9189453125
0.9228515625
0.916015625
0.91796875
0.9228515625
0.91796875
0.921875
0.91796875
0.923828125
0.91796875
0.91796875
0.91796875
0.923828125
0.91796875
0.91796875
0.923828125
0.91796875
0.91796875
0.923828125
0.91796875
0.91796875
0.923828125
0.91796875
0.91796875
0.9189453125
0.921875
0.9189453125
0.91796875
0.9228515625
0.91796875
0.9189453125
0.921875
0.921875
0.9140625
0.921875
0.9208984375
0.91796875
0.923828125
0.916015625
0.9189453125
0.92578125
0.9150390625
0.9208984375
0.919921875
